-41.7, 15.8, -41.7435, 15.3019
-41.7, 15.8, -41.2004, 15.8198
-41.2004, 15.8198, -40.7281, 15.6558
-40.7281, 15.6558, -40.2325, 15.7226
-40.2325, 15.7226, -40.0809, 15.2462
-40.0809, 15.2462, -39.5912, 15.1454
-39.5912, 15.1454, -39.1543, 14.9021
-39.1543, 14.9021, -38.8391, 14.514
-38.8391, 14.514, -38.4192, 14.2426
-38.4192, 14.2426, -37.9246, 14.3164
-37.9246, 14.3164, -37.4248, 14.3281
-37.4248, 14.3281, -37.0443, 14.0036
-37.0443, 14.0036, -36.6231, 13.7343
-36.6231, 13.7343, -36.133, 13.8334
-36.133, 13.8334, -35.6369, 13.8956
-35.6369, 13.8956, -35.1379, 13.9269
-35.1379, 13.9269, -34.6497, 14.0349
-34.6497, 14.0349, -34.1517, 13.9898
-34.1517, 13.9898, -33.6688, 13.8601
-33.6688, 13.8601, -33.1789, 13.9599
-33.1789, 13.9599, -32.6818, 14.0134
-32.6818, 14.0134, -32.1833, 14.0518
-32.1833, 14.0518, -31.7073, 13.8986
-31.7073, 13.8986, -31.2166, 13.8026
-32.1833, 14.0518, -32.1378, 14.5497
-31.2166, 13.8026, -30.7935, 13.5362
-30.7935, 13.5362, -30.3574, 13.7808
-30.3574, 13.7808, -30.1252, 14.2236
-38.4192, 14.2426, -38.581, 13.7695
-30.3574, 13.7808, -30.0398, 13.3946
-30.0398, 13.3946, -29.5898, 13.1766
-29.5898, 13.1766, -29.0981, 13.2672
-29.0981, 13.2672, -28.6003, 13.2207
-28.6003, 13.2207, -28.101, 13.2487
-28.101, 13.2487, -27.6015, 13.2265
-27.6015, 13.2265, -27.506, 12.7357
-27.6015, 13.2265, -27.1146, 13.3401
-27.506, 12.7357, -27.4843, 12.2362
-27.1146, 13.3401, -26.6227, 13.4296
-26.6227, 13.4296, -26.1557, 13.2509
-26.1557, 13.2509, -25.6932, 13.0609
-25.6932, 13.0609, -25.1964, 13.1169
-25.1964, 13.1169, -24.6966, 13.1014
-24.6966, 13.1014, -24.2899, 12.8106
-27.4843, 12.2362, -27.429, 11.7393
-24.2899, 12.8106, -23.8015, 12.7034
-23.8015, 12.7034, -23.386, 12.4253
-27.429, 11.7393, -27.5573, 11.256
-24.6966, 13.1014, -24.603, 13.5925
-23.386, 12.4253, -22.9212, 12.241
-22.9212, 12.241, -22.485, 12.4854
-22.485, 12.4854, -22.0363, 12.2647
-24.603, 13.5925, -24.4414, 14.0657
-22.0363, 12.2647, -21.6448, 12.5756
-38.581, 13.7695, -38.6478, 13.274
-21.6448, 12.5756, -21.1484, 12.6359
-21.1484, 12.6359, -20.669, 12.494
-24.4414, 14.0657, -24.2943, 14.5436
-27.5573, 11.256, -27.9184, 10.9101
-20.669, 12.494, -20.179, 12.3943
-27.9184, 10.9101, -27.9438, 10.4108
-20.179, 12.3943, -19.7464, 12.1436
-19.7464, 12.1436, -19.2587, 12.0336
-38.6478, 13.274, -38.5868, 12.7777
-27.9438, 10.4108, -28.0125, 9.91554
-28.0125, 9.91554, -28.0745, 9.41939
-19.2587, 12.0336, -18.7961, 11.8437
-18.7961, 11.8437, -18.3961, 11.5437
-28.0745, 9.41939, -28.2935, 8.96992
-28.2935, 8.96992, -28.6155, 8.58735
-18.3961, 11.5437, -17.9269, 11.7165
-17.9269, 11.7165, -17.4788, 11.4948
-17.4788, 11.4948, -17.2063, 11.914
-38.5868, 12.7777, -38.6172, 12.2787
-17.4788, 11.4948, -17.0842, 11.1877
-17.2063, 11.914, -16.732, 12.0723
-16.732, 12.0723, -16.2402, 11.9826
-16.2402, 11.9826, -15.786, 11.7734
-24.2943, 14.5436, -24.3585, 15.0395
-30.1252, 14.2236, -30.1144, 14.7235
-16.2402, 11.9826, -16.1811, 12.4791
-16.1811, 12.4791, -15.7459, 12.7254
-15.7459, 12.7254, -15.3132, 12.976
-15.3132, 12.976, -14.8297, 13.103
-38.6172, 12.2787, -38.9366, 11.894
-15.786, 11.7734, -15.5721, 11.3215
-14.8297, 13.103, -14.3442, 12.9832
-14.3442, 12.9832, -13.8458, 12.943
-13.8458, 12.943, -13.3462, 12.9231
-13.3462, 12.9231, -12.8517, 12.8497
-12.8517, 12.8497, -12.4981, 12.4961
-12.4981, 12.4961, -12.041, 12.2935
-19.7464, 12.1436, -19.8547, 11.6554
-12.041, 12.2935, -11.7468, 11.8892
-19.8547, 11.6554, -19.9203, 11.1598
-38.9366, 11.894, -39.1979, 11.4677
-11.7468, 11.8892, -11.6063, 11.4094
-41.7, 15.8, -41.9544, 16.2305
-11.6063, 11.4094, -11.433, 10.9404
-11.433, 10.9404, -11.0727, 10.5937
-11.0727, 10.5937, -10.6353, 10.3516
-10.6353, 10.3516, -10.2651, 10.0155
-39.1979, 11.4677, -39.1038, 10.9766
-10.2651, 10.0155, -10.0277, 9.57541
-10.0277, 9.57541, -9.56814, 9.37853
-9.56814, 9.37853, -9.09886, 9.55109
-9.09886, 9.55109, -8.66963, 9.80754
-41.9544, 16.2305, -41.9102, 16.7285
-39.1038, 10.9766, -39.2955, 10.5148
-8.66963, 9.80754, -8.17016, 9.83051
-8.17016, 9.83051, -7.98174, 9.36737
-41.9102, 16.7285, -41.8614, 17.2261
-28.2935, 8.96992, -27.9142, 8.64414
-41.8614, 17.2261, -42.0012, 17.7062
-8.17016, 9.83051, -7.8166, 10.1841
-9.56814, 9.37853, -9.73945, 8.90879
-39.2955, 10.5148, -39.3594, 10.0189
-22.9212, 12.241, -23.1381, 11.7905
-39.3594, 10.0189, -39.2818, 9.52497
-12.8517, 12.8497, -12.7831, 13.3449
-30.1144, 14.7235, -30.0136, 15.2132
-30.0136, 15.2132, -29.9068, 15.7017
-39.2818, 9.52497, -39.1847, 9.03449
-19.9203, 11.1598, -20.1438, 10.7125
-28.6155, 8.58735, -29.0946, 8.73016
-39.1847, 9.03449, -39.1805, 8.53451
-18.7961, 11.8437, -19.1929, 12.1479
-26.6227, 13.4296, -26.7395, 13.9158
-12.7831, 13.3449, -12.6832, 13.8349
-42.0012, 17.7062, -41.7494, 18.1381
-29.0946, 8.73016, -29.4648, 8.39404
-29.9068, 15.7017, -29.762, 16.1802
-12.6832, 13.8349, -12.3351, 14.1937
-12.3351, 14.1937, -12.2252, 14.6815
-29.5898, 13.1766, -29.7544, 12.7045
-12.3351, 14.1937, -11.9022, 13.9435
-26.7395, 13.9158, -27.2152, 14.0696
-34.6497, 14.0349, -34.6748, 14.5342
-41.7494, 18.1381, -41.6621, 18.6304
-41.6621, 18.6304, -41.8466, 19.0951
-39.2818, 9.52497, -39.7769, 9.45507
-7.98174, 9.36737, -7.77489, 8.91216
-27.5573, 11.256, -27.103, 11.0473
-41.6621, 18.6304, -41.1668, 18.6992
-41.1668, 18.6992, -40.8686, 19.1005
-37.0443, 14.0036, -36.546, 13.9627
-31.2166, 13.8026, -30.847, 14.1394
-29.0981, 13.2672, -28.9258, 12.7979
-29.762, 16.1802, -29.4121, 16.5374
-40.8686, 19.1005, -40.3694, 19.0737
-27.9142, 8.64414, -27.6169, 8.24215
-29.4121, 16.5374, -29.3054, 17.0259
-39.1979, 11.4677, -39.6891, 11.561
-40.3694, 19.0737, -40.1928, 19.5415
-23.1381, 11.7905, -23.5066, 11.4525
-40.1928, 19.5415, -39.8071, 19.8596
-23.5066, 11.4525, -23.6052, 10.9624
-12.2252, 14.6815, -11.7413, 14.8073
-40.8686, 19.1005, -41.2657, 18.7966
-15.7459, 12.7254, -16.0855, 13.0924
-20.1438, 10.7125, -20.0449, 10.2224
-41.8466, 19.0951, -42.0179, 19.5649
-42.0179, 19.5649, -42.1068, 20.0569
-29.4121, 16.5374, -28.9448, 16.3596
-29.4648, 8.39404, -29.92, 8.60084
-29.92, 8.60084, -30.4159, 8.6651
-30.4159, 8.6651, -30.7982, 8.9873
-16.0855, 13.0924, -16.0746, 13.5923
-23.6052, 10.9624, -23.5051, 10.4725
-39.8071, 19.8596, -39.8228, 20.3594
-27.103, 11.0473, -26.7404, 10.703
-20.0449, 10.2224, -20.001, 9.72434
-39.8228, 20.3594, -39.9766, 20.8351
-20.001, 9.72434, -19.7051, 9.32136
-17.0842, 11.1877, -17.065, 10.688
-19.7051, 9.32136, -19.662, 8.82322
-14.8297, 13.103, -15.2575, 12.8442
-39.9766, 20.8351, -40.4703, 20.9147
-18.3961, 11.5437, -18.7677, 11.2092
-29.3054, 17.0259, -29.0284, 17.4422
-29.0284, 17.4422, -29.2708, 17.8795
-11.7468, 11.8892, -11.2832, 12.0767
-39.9766, 20.8351, -39.8222, 21.3107
-42.0012, 17.7062, -42.4879, 17.5916
-29.7544, 12.7045, -29.919, 12.2323
-19.662, 8.82322, -20.0438, 8.50033
-39.9766, 20.8351, -40.0468, 21.3302
-40.0468, 21.3302, -40.012, 21.829
-29.919, 12.2323, -30.4078, 12.1273
-29.2708, 17.8795, -29.4744, 18.3362
-39.7769, 9.45507, -40.1952, 9.18125
-11.0727, 10.5937, -10.9846, 11.0859
-40.1952, 9.18125, -40.4573, 8.75545
-35.1379, 13.9269, -35.0643, 13.4323
-40.4573, 8.75545, -40.955, 8.80332
-19.662, 8.82322, -19.1648, 8.8761
-29.4744, 18.3362, -29.8956, 18.0668
-29.4744, 18.3362, -29.1633, 18.7276
-29.1633, 18.7276, -28.8285, 19.099
-28.8285, 19.099, -28.5901, 19.5385
-40.955, 8.80332, -41.0682, 8.31628
-39.1805, 8.53451, -38.6845, 8.4711
-23.1381, 11.7905, -22.8629, 12.208
-11.6063, 11.4094, -12.0861, 11.2685
-16.0746, 13.5923, -16.2423, 14.0634
-40.3694, 19.0737, -40.2067, 18.6009
-12.2252, 14.6815, -12.6877, 14.8716
-16.2423, 14.0634, -16.2116, 14.5624
-29.8956, 18.0668, -30.3416, 17.8407
-35.6369, 13.8956, -35.7931, 14.3706
-42.4879, 17.5916, -42.9103, 17.324
-30.7982, 8.9873, -30.4887, 9.37998
-40.955, 8.80332, -41.4204, 8.9862
-41.2004, 15.8198, -40.8286, 16.1541
-15.5721, 11.3215, -15.4872, 10.8288
-40.012, 21.829, -39.5722, 22.0669
-39.5722, 22.0669, -39.0723, 22.0576
-21.6448, 12.5756, -21.7657, 13.0608
-7.8166, 10.1841, -8.08959, 10.603
-28.5901, 19.5385, -28.1005, 19.4367
-16.2116, 14.5624, -16.2388, 15.0617
-30.4887, 9.37998, -30.8068, 9.76573
-28.9448, 16.3596, -29.0207, 15.8654
-16.2388, 15.0617, -16.381, 15.541
-37.0443, 14.0036, -36.546, 13.9627
-30.4159, 8.6651, -30.6714, 8.23529
-16.381, 15.541, -16.4106, 16.0402
-8.17016, 9.83051, -7.81591, 10.1834
-41.7435, 15.3019, -42.0935, 14.9448
-23.8015, 12.7034, -23.9373, 12.2222
-38.9366, 11.894, -39.1931, 12.3232
-29.0207, 15.8654, -28.9448, 16.3596
-17.9269, 11.7165, -18.0517, 12.2007
-40.012, 21.829, -40.2725, 22.2557
-23.9373, 12.2222, -24.0731, 11.741
-29.0981, 13.2672, -29.0318, 13.7628
-42.0935, 14.9448, -41.6629, 15.1989
-36.6231, 13.7343, -36.8514, 13.2894
-28.5901, 19.5385, -28.5507, 20.0369
-41.4204, 8.9862, -41.9204, 8.98813
-16.4106, 16.0402, -16.3328, 16.5341
-28.1005, 19.4367, -27.6176, 19.5662
-16.3328, 16.5341, -16.4787, 17.0123
-39.5912, 15.1454, -39.3067, 15.5566
-40.2067, 18.6009, -39.7591, 18.378
-11.7413, 14.8073, -11.2419, 14.833
-32.1378, 14.5497, -32.3037, 15.0214
-32.3037, 15.0214, -32.5512, 15.4558
-11.0727, 10.5937, -11.371, 10.1924
-40.8286, 16.1541, -40.9279, 16.6442
-28.5507, 20.0369, -28.9668, 20.3141
-27.6176, 19.5662, -27.1791, 19.8064
-24.3585, 15.0395, -23.8587, 15.0249
-27.1791, 19.8064, -27.1049, 20.3009
-27.1049, 20.3009, -26.973, 20.7832
-19.1648, 8.8761, -18.986, 8.40917
-30.8068, 9.76573, -31.1249, 10.1515
-39.6891, 11.561, -39.9315, 11.1236
-29.8956, 18.0668, -30.3168, 17.7974
-18.986, 8.40917, -18.8965, 7.91725
-18.8965, 7.91725, -18.9928, 7.4266
-18.9928, 7.4266, -18.9417, 6.92921
-42.0935, 14.9448, -42.5933, 14.9593
-18.9417, 6.92921, -18.811, 6.44661
-16.4787, 17.0123, -16.9601, 17.1473
-41.9544, 16.2305, -42.4426, 16.1228
-15.4872, 10.8288, -15.5764, 10.3368
-24.3585, 15.0395, -24.8575, 15.0088
-8.08959, 10.603, -7.88268, 11.0581
-41.8466, 19.0951, -42.2715, 18.8316
-16.4787, 17.0123, -16.3305, 17.4899
-16.3305, 17.4899, -16.4593, 17.973
-42.1068, 20.0569, -42.6067, 20.0471
-26.973, 20.7832, -26.9752, 21.2832
-7.88268, 11.0581, -7.90261, 11.5577
-15.5721, 11.3215, -15.9718, 11.0212
-16.0855, 13.0924, -15.7459, 12.7254
-26.9752, 21.2832, -26.7444, 21.7267
-16.4593, 17.973, -16.638, 18.44
-28.9668, 20.3141, -29.4452, 20.1686
-38.6845, 8.4711, -38.1921, 8.38467
-39.0723, 22.0576, -38.6569, 21.7793
-34.6748, 14.5342, -34.7402, 15.0299
-16.638, 18.44, -16.2815, 18.7905
-22.8629, 12.208, -23.1381, 11.7905
-16.2815, 18.7905, -16.1476, 19.2722
-26.7444, 21.7267, -27.097, 22.0812
-31.7073, 13.8986, -31.8622, 13.4232
-16.1476, 19.2722, -15.899, 19.7061
-42.6067, 20.0471, -43.1032, 19.9877
-30.1252, 14.2236, -29.8809, 13.7873
-11.2419, 14.833, -10.8267, 14.5545
-27.097, 22.0812, -27.318, 22.5297
-10.8267, 14.5545, -10.4888, 14.923
-40.8686, 19.1005, -41.2657, 18.7966
-15.5764, 10.3368, -15.9678, 10.0256
-24.2899, 12.8106, -23.8713, 13.0841
-39.9315, 11.1236, -40.4282, 11.0662
-18.811, 6.44661, -18.3204, 6.54319
-27.318, 22.5297, -27.0405, 22.9456
-34.1517, 13.9898, -33.6529, 14.0234
-40.8686, 19.1005, -40.9409, 19.5953
-21.7657, 13.0608, -22.2497, 12.9352
-27.0405, 22.9456, -27.3141, 23.364
-15.899, 19.7061, -15.5594, 20.073
-27.3141, 23.364, -27.2863, 23.8633
-39.3594, 10.0189, -38.8594, 10.012
-42.1068, 20.0569, -41.6655, 19.8218
-26.7444, 21.7267, -26.275, 21.899
-21.7657, 13.0608, -22.2497, 12.9352
-38.581, 13.7695, -39.0191, 14.0105
-27.2863, 23.8633, -27.0445, 24.3009
-27.0445, 24.3009, -27.2366, 24.7625
-27.2366, 24.7625, -27.6458, 25.0497
-20.669, 12.494, -20.9473, 12.0787
-29.4452, 20.1686, -29.9236, 20.0232
-16.9601, 17.1473, -17.4214, 17.3402
-27.6458, 25.0497, -27.4101, 25.4907
-27.4101, 25.4907, -27.84, 25.7461
-29.9236, 20.0232, -30.3442, 20.2935
-38.9366, 11.894, -39.1931, 12.3232
-40.4282, 11.0662, -40.8981, 11.2368
-38.6569, 21.7793, -38.4199, 22.2196
-40.2725, 22.2557, -40.7671, 22.1825
-39.7769, 9.45507, -39.9663, 9.91778
-42.5933, 14.9593, -42.6949, 14.4697
-37.4248, 14.3281, -37.3463, 14.8219
-15.5594, 20.073, -15.503, 20.5698
-21.7657, 13.0608, -21.4498, 13.4483
-15.503, 20.5698, -15.645, 21.0493
-27.84, 25.7461, -28.1795, 26.1131
-15.645, 21.0493, -15.244, 21.348
-36.8514, 13.2894, -36.5759, 12.8722
-7.77489, 8.91216, -8.24069, 9.09391
-31.1249, 10.1515, -31.6233, 10.1112
-16.638, 18.44, -17.0692, 18.693
-7.90261, 11.5577, -7.92253, 12.0573
-30.3442, 20.2935, -30.8041, 20.4897
-15.244, 21.348, -14.7538, 21.4465
-26.275, 21.899, -25.8966, 22.2258
-30.8041, 20.4897, -31.2179, 20.209
-28.1795, 26.1131, -27.8783, 26.5121
-39.7591, 18.378, -39.2703, 18.273
-27.1791, 19.8064, -26.7942, 19.4873
-22.0363, 12.2647, -21.9684, 11.7693
-42.6067, 20.0471, -42.7054, 20.5372
-25.8966, 22.2258, -25.3974, 22.1969
-26.7404, 10.703, -26.9136, 10.234
-27.6169, 8.24215, -27.3013, 8.62992
-18.3204, 6.54319, -17.8336, 6.42922
-30.3416, 17.8407, -30.8275, 17.9583
-28.1795, 26.1131, -28.5191, 26.4801
-23.5051, 10.4725, -23.0281, 10.3227
-30.8041, 20.4897, -30.9654, 20.963
-36.5759, 12.8722, -36.0878, 12.9805
-23.0281, 10.3227, -22.9847, 9.82461
-27.3141, 23.364, -27.7558, 23.1296
-15.645, 21.0493, -16.0543, 21.3364
-28.5191, 26.4801, -28.9454, 26.7413
-16.0543, 21.3364, -16.4252, 21.6718
-14.7538, 21.4465, -14.6501, 21.9356
-27.8783, 26.5121, -27.4863, 26.8226
-39.9663, 9.91778, -40.1558, 10.3805
-16.4252, 21.6718, -16.5909, 22.1435
-27.4863, 26.8226, -27.2044, 27.2356
-15.9678, 10.0256, -15.9757, 9.52567
-29.4744, 18.3362, -29.7848, 18.7282
-38.6569, 21.7793, -38.3161, 21.4134
-28.5507, 20.0369, -28.0518, 20.0035
-27.2044, 27.2356, -26.7867, 27.5103
-16.5909, 22.1435, -17.0749, 22.018
-26.7867, 27.5103, -26.3059, 27.373
-36.8514, 13.2894, -37.0798, 12.8446
-40.8981, 11.2368, -40.9643, 11.7324
-14.6501, 21.9356, -14.1843, 22.1175
-26.7942, 19.4873, -26.8627, 18.992
-40.9279, 16.6442, -41.0272, 17.1342
-19.1929, 12.1479, -18.7961, 11.8437
-15.9718, 11.0212, -16.3716, 10.7208
-40.8686, 19.1005, -41.2657, 18.7966
-42.9103, 17.324, -43.4044, 17.2474
-40.3694, 19.0737, -39.879, 18.9759
-14.1843, 22.1175, -13.6981, 22.2341
-39.2703, 18.273, -38.7941, 18.4255
-34.7402, 15.0299, -34.7838, 15.528
-18.7677, 11.2092, -19.1393, 10.8746
-36.0878, 12.9805, -36.0432, 12.4825
-19.1929, 12.1479, -18.7961, 11.8437
-38.8594, 10.012, -39.3576, 9.96958
-30.4078, 12.1273, -30.8967, 12.0222
-28.0125, 9.91554, -28.5107, 9.95815
-10.4888, 14.923, -10.0638, 14.6596
-16.3328, 16.5341, -15.8608, 16.6991
-31.6233, 10.1112, -32.0762, 9.89945
-38.6478, 13.274, -39.0424, 12.967
-30.8967, 12.0222, -31.3966, 12.0121
-13.6981, 22.2341, -13.2095, 22.1283
-24.0731, 11.741, -24.5546, 11.8756
-30.847, 14.1394, -31.2166, 13.8026
-13.2095, 22.1283, -12.7333, 22.2808
-25.3974, 22.1969, -24.8991, 22.156
-41.7494, 18.1381, -42.1873, 17.8968
-30.9654, 20.963, -30.9739, 21.463
-23.8587, 15.0249, -23.3589, 15.0104
-10.0638, 14.6596, -9.589, 14.8162
-15.9718, 11.0212, -16.3716, 10.7208
-42.4879, 17.5916, -42.8788, 17.9033
-42.7054, 20.5372, -43.127, 20.806
-23.8713, 13.0841, -24.2899, 12.8106
-28.9454, 26.7413, -29.0486, 27.2306
-29.0486, 27.2306, -29.4775, 27.4877
-11.2832, 12.0767, -10.7841, 12.0469
-30.8275, 17.9583, -31.3135, 18.0759
-30.8275, 17.9583, -30.9161, 17.4662
-27.2152, 14.0696, -27.5376, 14.4518
-23.8713, 13.0841, -24.2899, 12.8106
-23.3589, 15.0104, -22.8591, 14.9959
-28.0518, 20.0035, -27.5529, 19.97
-29.0207, 15.8654, -28.9448, 16.3596
-33.6688, 13.8601, -33.8485, 13.3935
-29.92, 8.60084, -30.0183, 9.09109
-28.9258, 12.7979, -29.0981, 13.2672
-30.4078, 12.1273, -30.2377, 11.6571
-26.3059, 27.373, -25.8441, 27.1812
-23.5051, 10.4725, -23.9819, 10.3218
-42.6949, 14.4697, -43.1848, 14.3699
-29.0284, 17.4422, -28.5691, 17.2447
-27.3013, 8.62992, -26.8512, 8.41206
-27.5376, 14.4518, -27.8952, 14.1024
-38.3161, 21.4134, -38.744, 21.1547
-16.2423, 14.0634, -16.7406, 14.0217
-11.9022, 13.9435, -12.3351, 14.1937
-39.1847, 9.03449, -38.6932, 8.9427
-12.7333, 22.2808, -12.2453, 22.1718
-38.6172, 12.2787, -38.1615, 12.0729
-29.4775, 27.4877, -29.9381, 27.2931
-40.8286, 16.1541, -41.2004, 15.8198
-30.9739, 21.463, -31.2859, 21.8537
-12.6832, 13.8349, -13.1266, 14.066
-27.8952, 14.1024, -28.2529, 13.7529
-17.0749, 22.018, -17.5749, 22.0149
-28.9668, 20.3141, -28.991, 20.8135
-17.5749, 22.0149, -18.0381, 22.2031
-38.7941, 18.4255, -38.5508, 17.9887
-29.8956, 18.0668, -30.3168, 17.7974
-27.6458, 25.0497, -28.141, 24.9802
-19.9203, 11.1598, -20.1436, 10.7124
-9.589, 14.8162, -9.09026, 14.8516
-28.991, 20.8135, -29.0151, 21.3129
-32.0762, 9.89945, -31.7741, 10.2979
-29.0318, 13.7628, -28.9654, 14.2584
-23.6052, 10.9624, -24.1029, 11.0098
-18.0381, 22.2031, -18.4656, 22.4624
-26.275, 21.899, -26.1288, 21.4209
-31.1249, 10.1515, -31.0521, 10.6462
-18.4656, 22.4624, -18.3377, 22.9458
-14.1843, 22.1175, -13.7627, 21.8487
-31.3966, 12.0121, -31.8965, 12.0021
-12.2453, 22.1718, -11.7531, 22.2596
-21.4498, 13.4483, -21.1339, 13.8358
-18.3377, 22.9458, -18.6037, 23.3692
-16.7406, 14.0217, -17.2405, 14.0131
-17.2063, 11.914, -16.7448, 12.1064
-21.9684, 11.7693, -21.9889, 11.2697
-26.8627, 18.992, -26.5346, 18.6147
-27.5376, 14.4518, -27.3736, 14.9241
-39.1038, 10.9766, -38.616, 11.0866
-18.8965, 7.91725, -19.287, 8.22951
-26.8512, 8.41206, -26.7301, 7.92696
-10.7841, 12.0469, -10.285, 12.017
-22.8629, 12.208, -23.1381, 11.7905
-12.2453, 22.1718, -12.1429, 21.6824
-29.9381, 27.2931, -30.2554, 26.9067
-21.1339, 13.8358, -21.0767, 14.3325
-41.6629, 15.1989, -41.184, 15.0552
-20.0438, 8.50033, -20.4869, 8.7319
-26.7301, 7.92696, -26.7862, 7.43013
-18.6037, 23.3692, -19.0872, 23.4965
-43.127, 20.806, -43.0741, 21.3032
-26.7862, 7.43013, -26.8145, 6.93093
-16.4593, 17.973, -15.9602, 18.0023
-26.8145, 6.93093, -26.9351, 6.44569
-26.9351, 6.44569, -26.6979, 6.00555
-31.2859, 21.8537, -31.5503, 22.278
-15.9757, 9.52567, -16.4206, 9.29737
-24.8991, 22.156, -24.5686, 21.7808
-17.065, 10.688, -17.4677, 10.3917
-26.6979, 6.00555, -26.8476, 5.5285
-31.2859, 21.8537, -30.8408, 22.0815
-26.8476, 5.5285, -27.0546, 5.07334
-24.5686, 21.7808, -24.0902, 21.6353
-23.9819, 10.3218, -24.4586, 10.1711
-27.0546, 5.07334, -27.2016, 4.59545
-27.2016, 4.59545, -27.0435, 4.12112
-27.0435, 4.12112, -27.1156, 3.62636
-27.1156, 3.62636, -26.9676, 3.14879
-31.3135, 18.0759, -31.6117, 18.4772
-17.2405, 14.0131, -17.5454, 14.4093
-37.3463, 14.8219, -37.8287, 14.9533
-26.9676, 3.14879, -26.9681, 2.64879
-26.9681, 2.64879, -26.9849, 2.14907
-26.9849, 2.14907, -27.1834, 1.69017
-27.1834, 1.69017, -27.2345, 1.19279
-27.2345, 1.19279, -27.229, 0.692821
-26.6979, 6.00555, -26.2294, 5.83093
-27.229, 0.692821, -27.2041, 0.193439
-27.2041, 0.193439, -27.1677, -0.305234
-16.1476, 19.2722, -15.9093, 18.8327
-41.9544, 16.2305, -42.0515, 15.74
-27.1677, -0.305234, -27.2098, -0.80346
-28.141, 24.9802, -27.6458, 25.0497
-26.7301, 7.92696, -26.2325, 7.97674
-40.9643, 11.7324, -40.9784, 12.2322
-29.3054, 17.0259, -28.8071, 16.9836
-27.2098, -0.80346, -27.0396, -1.27359
-27.0396, -1.27359, -27.2015, -1.74664
-27.2015, -1.74664, -26.8676, -2.11876
-26.8676, -2.11876, -26.5059, -2.46407
-26.5059, -2.46407, -26.0917, -2.74406
-26.8676, -2.11876, -27.2255, -2.46785
-26.0917, -2.74406, -25.9064, -3.20846
-25.9064, -3.20846, -25.9759, -3.70361
-26.1288, 21.4209, -25.9825, 20.9428
-25.9759, -3.70361, -25.5666, -3.99075
-25.5666, -3.99075, -25.207, -4.3382
-25.207, -4.3382, -25.4885, -4.75148
-40.8286, 16.1541, -41.2004, 15.8198
-25.4885, -4.75148, -25.2013, -5.1608
-26.0917, -2.74406, -25.6785, -2.46246
-9.09026, 14.8516, -8.59083, 14.8756
-15.9757, 9.52567, -15.4926, 9.39711
-25.2013, -5.1608, -24.9824, -5.61032
-24.9824, -5.61032, -24.645, -5.97936
-24.645, -5.97936, -24.1464, -6.01666
-24.1464, -6.01666, -23.7182, -6.27481
-12.1429, 21.6824, -12.534, 21.371
-27.7558, 23.1296, -28.2531, 23.0778
-23.7182, -6.27481, -23.7313, -6.77464
-24.9824, -5.61032, -25.3935, -5.89479
-23.7182, -6.27481, -23.2196, -6.23796
-27.2255, -2.46785, -27.0304, -2.92821
-25.3935, -5.89479, -25.8497, -6.09948
-25.2013, -5.1608, -24.8106, -4.84873
-23.2196, -6.23796, -22.829, -6.55019
-22.829, -6.55019, -22.3651, -6.36365
-8.59083, 14.8756, -8.31116, 14.4611
-25.8497, -6.09948, -26.1323, -6.51201
-8.31116, 14.4611, -7.81901, 14.5494
-26.1323, -6.51201, -26.6077, -6.6667
-26.6077, -6.6667, -27.0391, -6.91956
-27.0391, -6.91956, -27.1537, -7.40625
-22.3651, -6.36365, -22.1054, -6.79093
-22.1054, -6.79093, -21.6221, -6.91905
-21.6221, -6.91905, -21.2316, -7.23122
-21.2316, -7.23122, -20.7855, -7.45717
-20.7855, -7.45717, -20.3007, -7.33505
-26.9849, 2.14907, -26.4905, 2.07424
-23.7313, -6.77464, -24.1144, -7.09596
-27.1537, -7.40625, -27.1491, -7.90622
-20.3007, -7.33505, -19.8094, -7.2418
-20.7855, -7.45717, -20.7981, -7.95702
-42.2715, 18.8316, -42.7587, 18.9442
-30.2554, 26.9067, -30.7466, 27.0002
-19.8094, -7.2418, -19.3109, -7.28034
-19.3109, -7.28034, -18.8192, -7.37115
-18.8192, -7.37115, -18.7321, -7.86349
-18.7321, -7.86349, -18.2705, -8.05575
-18.8965, 7.91725, -19.287, 8.22951
-18.2705, -8.05575, -17.8068, -8.24262
-30.7466, 27.0002, -31.2466, 27.0002
-18.6037, 23.3692, -18.44, 23.8416
-40.8686, 19.1005, -41.2657, 18.7966
-17.8068, -8.24262, -17.513, -7.83803
-17.513, -7.83803, -17.1697, -7.4745
-17.1697, -7.4745, -16.7626, -7.76484
-16.7626, -7.76484, -16.2691, -7.84499
-16.2691, -7.84499, -16.1148, -8.32058
-18.9417, 6.92921, -19.4406, 6.96258
-16.1148, -8.32058, -15.7352, -8.6461
-15.7352, -8.6461, -15.5797, -9.12127
-31.1249, 10.1515, -30.8068, 9.76573
-19.3109, -7.28034, -19.2862, -6.78095
-15.5797, -9.12127, -15.77, -9.58362
-15.77, -9.58362, -15.5593, -10.0371
-15.5593, -10.0371, -15.6106, -10.5344
-8.31116, 14.4611, -8.72666, 14.183
-26.6979, 6.00555, -27.1978, 5.99637
-15.6106, -10.5344, -15.1287, -10.6675
-15.1287, -10.6675, -14.6354, -10.7495
-28.1005, 19.4367, -27.9884, 18.9494
-15.1287, -10.6675, -15.2511, -11.1523
-28.8285, 19.099, -29.2616, 18.8491
-14.6354, -10.7495, -14.1854, -10.9673
-24.4586, 10.1711, -24.9354, 10.0204
-14.1854, -10.9673, -13.7137, -11.1333
-42.7587, 18.9442, -43.2582, 18.9667
-13.7137, -11.1333, -13.4396, -11.5515
-16.2691, -7.84499, -16.0654, -7.38837
-13.4396, -11.5515, -12.9536, -11.6688
-12.9536, -11.6688, -12.4807, -11.8313
-12.4981, 12.4961, -12.8537, 12.1446
-43.1032, 19.9877, -42.6067, 20.0471
-12.4807, -11.8313, -11.9852, -11.8979
-11.9852, -11.8979, -11.4901, -11.9682
-18.44, 23.8416, -18.1213, 24.2269
-11.4901, -11.9682, -11.1456, -12.3305
-11.1456, -12.3305, -10.6632, -12.462
-10.6632, -12.462, -10.1888, -12.6198
-10.1888, -12.6198, -9.69589, -12.5356
-9.69589, -12.5356, -9.49722, -12.9945
-9.49722, -12.9945, -9.24751, -13.4276
-9.24751, -13.4276, -9.22532, -13.9271
-9.22532, -13.9271, -8.74113, -14.0519
-8.74113, -14.0519, -8.25551, -14.1709
-31.2466, 27.0002, -31.7466, 27.0001
-27.8952, 14.1024, -28.2529, 13.7529
-8.25551, -14.1709, -7.75558, -14.1795
-7.75558, -14.1795, -7.50126, -14.61
-7.50126, -14.61, -7.00162, -14.5911
-7.00162, -14.5911, -6.66084, -14.2252
-6.66084, -14.2252, -6.16347, -14.2764
-28.9258, 12.7979, -28.9721, 12.3
-12.1429, 21.6824, -11.8619, 21.2688
-6.16347, -14.2764, -5.66446, -14.3079
-7.50126, -14.61, -7.47144, -15.1091
-5.66446, -14.3079, -5.16458, -14.3188
-5.16458, -14.3188, -4.7155, -14.099
-8.66963, 9.80754, -9.10166, 10.0592
-40.0809, 15.2462, -39.9248, 14.7711
-26.8512, 8.41206, -26.4398, 8.69622
-16.4206, 9.29737, -16.2664, 8.82174
-4.7155, -14.099, -4.46553, -14.532
-4.46553, -14.532, -3.96782, -14.5798
-3.96782, -14.5798, -3.77374, -15.0406
-29.7544, 12.7045, -30.074, 13.089
-3.77374, -15.0406, -3.2922, -15.1753
-15.8608, 16.6991, -15.4727, 16.3839
-3.2922, -15.1753, -2.79623, -15.2386
-22.3651, -6.36365, -22.0109, -6.01081
-26.4905, 2.07424, -26.0658, 2.33805
-2.79623, -15.2386, -2.30118, -15.1684
-42.1068, 20.0569, -41.6655, 19.8218
-2.30118, -15.1684, -1.8043, -15.2243
-1.8043, -15.2243, -1.36482, -14.9858
-39.2703, 18.273, -38.9185, 17.9177
-9.69589, -12.5356, -9.59933, -12.045
-1.36482, -14.9858, -0.864822, -14.9863
-2.79623, -15.2386, -2.83687, -15.7369
-2.83687, -15.7369, -2.77964, -16.2337
-27.0396, -1.27359, -26.968, -0.778737
-2.77964, -16.2337, -2.58608, -16.6947
-27.2152, 14.0696, -26.7395, 13.9158
-0.864822, -14.9863, -0.491368, -15.3187
-7.47144, -15.1091, -7.24463, -15.5547
-0.491368, -15.3187, 0.00511627, -15.3779
-16.0654, -7.38837, -15.6945, -7.05303
0.00511627, -15.3779, 0.504279, -15.4069
0.504279, -15.4069, 0.970495, -15.5875
0.970495, -15.5875, 1.41911, -15.8083
1.41911, -15.8083, 1.78286, -15.4653
1.78286, -15.4653, 2.17594, -15.7743
-31.7466, 27.0001, -32.0469, 27.3998
-18.1213, 24.2269, -18.2347, 24.7139
-9.22532, -13.9271, -9.53436, -14.3202
2.17594, -15.7743, 2.65542, -15.6325
-9.59933, -12.045, -9.37271, -11.5993
-19.0872, 23.4965, -19.0019, 23.9891
2.65542, -15.6325, 3.11127, -15.4271
3.11127, -15.4271, 3.52874, -15.1519
3.52874, -15.1519, 3.92247, -15.4601
3.92247, -15.4601, 4.01793, -15.9509
-9.53436, -14.3202, -9.81208, -14.736
4.01793, -15.9509, 4.5148, -16.0068
4.5148, -16.0068, 5.01224, -15.9563
5.01224, -15.9563, 5.51224, -15.957
-30.3442, 20.2935, -30.1252, 20.743
-24.0902, 21.6353, -23.8991, 21.1733
-9.09886, 9.55109, -9.01057, 9.05895
5.51224, -15.957, 5.93241, -15.686
5.93241, -15.686, 6.34388, -15.4019
6.34388, -15.4019, 6.77075, -15.6623
5.51224, -15.957, 5.57213, -16.4534
6.77075, -15.6623, 7.21147, -15.4261
-38.1615, 12.0729, -37.7943, 11.7337
7.21147, -15.4261, 7.70514, -15.3469
7.70514, -15.3469, 8.19359, -15.24
8.19359, -15.24, 8.67551, -15.1067
-16.2402, 11.9826, -15.7415, 12.0187
8.67551, -15.1067, 9.16953, -15.0297
9.16953, -15.0297, 9.35159, -14.564
-14.6501, 21.9356, -15.1418, 22.0261
9.35159, -14.564, 9.84884, -14.6163
-15.6106, -10.5344, -16.0696, -10.7329
9.84884, -14.6163, 10.1588, -15.0087
-22.9847, 9.82461, -22.6014, 9.5036
9.84884, -14.6163, 10.0962, -14.1818
10.0962, -14.1818, 10.5844, -14.0738
10.1588, -15.0087, 10.484, -15.3884
-19.4406, 6.96258, -19.7517, 6.57111
10.5844, -14.0738, 10.6825, -13.5835
-26.9136, 10.234, -27.0868, 9.76494
-9.81208, -14.736, -10.3104, -14.7773
10.484, -15.3884, 10.978, -15.4656
-16.0696, -10.7329, -16.3686, -11.1336
10.978, -15.4656, 11.4769, -15.4988
11.4769, -15.4988, 11.976, -15.5294
11.976, -15.5294, 12.4449, -15.3557
5.57213, -16.4534, 5.78251, -16.907
-22.6014, 9.5036, -22.9117, 9.11155
-16.3686, -11.1336, -16.5275, -11.6077
-15.6945, -7.05303, -15.7443, -6.55551
-16.5275, -11.6077, -16.3222, -12.0636
-27.0304, -2.92821, -26.8353, -3.38858
-29.9068, 15.7017, -30.3892, 15.8333
-19.7517, 6.57111, -20.2363, 6.44801
-16.3222, -12.0636, -16.4484, -12.5474
-18.2347, 24.7139, -17.9335, 25.113
-16.4484, -12.5474, -16.5677, -13.0329
-17.0749, 22.018, -16.5887, 21.9012
-16.5677, -13.0329, -16.6863, -13.5187
-31.6117, 18.4772, -32.1001, 18.5841
-9.37271, -11.5993, -9.09752, -11.1819
-6.16347, -14.2764, -6.09995, -13.7804
-29.9236, 20.0232, -30.402, 19.8778
12.4449, -15.3557, 12.6807, -15.7966
0.504279, -15.4069, 0.605143, -14.9171
-13.7137, -11.1333, -13.4473, -10.7102
-28.0125, 9.91554, -27.9391, 10.4101
-28.0125, 9.91554, -27.9391, 10.4101
-31.8622, 13.4232, -32.017, 12.9477
-16.6863, -13.5187, -16.8269, -13.9985
-24.0902, 21.6353, -23.9701, 22.1207
-16.8269, -13.9985, -17.1842, -14.3483
3.52874, -15.1519, 3.54665, -14.6522
3.54665, -14.6522, 3.61424, -14.1568
-25.8497, -6.09948, -26.2666, -5.82348
12.6807, -15.7966, 12.6928, -16.2964
-16.1476, 19.2722, -16.5278, 19.5969
3.61424, -14.1568, 3.46164, -13.6807
-0.864822, -14.9863, -0.873284, -14.4864
-7.24463, -15.5547, -7.47162, -16.0002
10.978, -15.4656, 10.9986, -15.9652
10.9986, -15.9652, 10.6482, -16.3219
5.78251, -16.907, 5.8288, -17.4049
-9.37271, -11.5993, -9.73422, -11.2539
-26.9849, 2.14907, -27.0353, 1.65162
-20.2363, 6.44801, -20.6227, 6.13074
-23.2196, -6.23796, -22.8805, -5.87048
-32.0469, 27.3998, -32.5424, 27.3328
5.8288, -17.4049, 5.452, -17.7335
-16.2388, 15.0617, -15.7395, 15.0368
-17.1842, -14.3483, -17.5747, -14.6606
-19.2862, -6.78095, -19.6235, -6.41188
-9.81208, -14.736, -9.33658, -14.8906
-38.1921, 8.38467, -38.0431, 8.86197
0.605143, -14.9171, 0.802864, -14.4579
-7.47162, -16.0002, -7.65412, -16.4657
3.46164, -13.6807, 3.54683, -13.188
-27.9184, 10.9101, -28.2546, 11.2802
-24.8575, 15.0088, -25.3575, 15.0049
3.54683, -13.188, 3.48209, -12.6922
-26.0658, 2.33805, -25.7959, 2.75894
-17.5747, -14.6606, -18.0183, -14.8912
-26.9676, 3.14879, -27.0741, 2.66026
5.452, -17.7335, 5.56229, -18.2212
-38.4199, 22.2196, -37.9769, 21.9879
-18.4656, 22.4624, -18.8437, 22.1353
6.34388, -15.4019, 6.27302, -14.907
-38.8594, 10.012, -38.3595, 10.005
-40.955, 8.80332, -41.0665, 9.29074
-32.5424, 27.3328, -32.7047, 26.8599
-37.7943, 11.7337, -37.427, 11.3944
5.452, -17.7335, 5.02127, -17.9875
-7.65412, -16.4657, -7.88039, -16.9116
-9.09752, -11.1819, -8.74688, -10.8254
-8.74688, -10.8254, -8.29738, -10.6065
-7.88039, -16.9116, -7.76717, -17.3986
-7.76717, -17.3986, -7.63787, -17.8816
-28.141, 24.9802, -28.641, 24.9855
-32.1001, 18.5841, -32.3683, 19.0061
-7.63787, -17.8816, -7.94628, -18.2751
-29.8809, 13.7873, -30.1252, 14.2236
8.19359, -15.24, 7.87965, -14.8508
-1.36482, -14.9858, -1.63563, -14.5655
-30.2377, 11.6571, -30.0676, 11.1869
-25.9064, -3.20846, -26.1112, -2.75232
-32.7047, 26.8599, -33.2045, 26.8762
-7.94628, -18.2751, -8.04209, -17.7844
-6.16347, -14.2764, -6.05329, -14.7641
-7.94628, -18.2751, -7.62577, -18.6589
-29.3054, 17.0259, -29.805, 17.0073
-7.62577, -18.6589, -7.58836, -19.1575
-7.58836, -19.1575, -7.69692, -19.6456
12.6928, -16.2964, 12.7072, -16.7962
3.48209, -12.6922, 3.31304, -12.2216
-25.8441, 27.1812, -25.3451, 27.1494
-18.0183, -14.8912, -18.2487, -14.4474
-32.3683, 19.0061, -32.685, 19.3931
-23.8991, 21.1733, -24.1507, 20.7412
5.56229, -18.2212, 5.70238, -18.7012
-7.69692, -19.6456, -7.37332, -20.0267
-13.4473, -10.7102, -13.1808, -10.2871
-32.685, 19.3931, -32.7812, 19.8837
-18.2487, -14.4474, -18.7057, -14.6502
-18.7057, -14.6502, -19.0259, -15.0343
-23.6052, 10.9624, -23.1062, 10.9934
-2.83687, -15.7369, -3.10038, -16.1619
-1.63563, -14.5655, -1.66334, -14.0663
-40.9784, 12.2322, -41.0247, 11.7344
-9.10166, 10.0592, -8.66963, 9.80754
-17.9335, 25.113, -17.5779, 25.4644
-39.0191, 14.0105, -38.581, 13.7695
-32.7812, 19.8837, -32.2866, 19.9573
-7.37332, -20.0267, -6.93583, -20.2688
-33.2045, 26.8762, -33.6408, 27.1203
-19.0259, -15.0343, -19.3796, -15.3877
-27.1791, 19.8064, -26.8396, 20.1734
5.70238, -18.7012, 5.30486, -19.0045
-17.0842, 11.1877, -16.8795, 10.7315
0.802864, -14.4579, 0.647613, -13.9826
-19.3796, -15.3877, -19.804, -15.6519
2.17594, -15.7743, 2.13654, -16.2727
-25.6785, -2.46246, -25.3969, -2.04932
-11.8619, 21.2688, -11.3627, 21.2412
-33.6408, 27.1203, -34.1309, 27.2192
3.31304, -12.2216, 3.64194, -11.845
-38.3161, 21.4134, -37.8893, 21.153
5.01224, -15.9563, 4.87728, -16.4378
-7.94628, -18.2751, -8.42715, -18.4121
5.30486, -19.0045, 5.38846, -19.4974
-29.8809, 13.7873, -30.1252, 14.2236
-27.3736, 14.9241, -26.8836, 15.0236
-8.29738, -10.6065, -7.80456, -10.6909
-24.9354, 10.0204, -25.4121, 9.86974
-19.804, -15.6519, -19.9919, -16.1153
-19.9919, -16.1153, -19.9364, -16.6122
5.38846, -19.4974, 5.58948, -19.9552
-26.8353, -3.38858, -27.2364, -3.68714
-40.4573, 8.75545, -40.1984, 8.32772
5.30486, -19.0045, 4.80486, -19.0028
-17.9335, 25.113, -18.318, 25.4327
-11.3627, 21.2412, -10.8629, 21.2248
-10.8629, 21.2248, -10.3969, 21.4059
5.58948, -19.9552, 5.46466, -20.4394
-43.1848, 14.3699, -43.3475, 13.8971
-20.2363, 6.44801, -20.003, 6.00575
-9.22532, -13.9271, -8.74957, -14.081
-23.9701, 22.1207, -24.0902, 21.6353
7.87965, -14.8508, 7.73223, -14.373
-7.80456, -10.6909, -7.50205, -10.2928
-10.3969, 21.4059, -9.91076, 21.5229
-19.9919, -16.1153, -20.4835, -16.024
-17.4677, 10.3917, -17.0844, 10.0707
-16.8269, -13.9985, -16.4188, -14.2874
-20.4835, -16.024, -20.907, -16.2899
-27.2345, 1.19279, -26.8483, 0.875264
-17.5779, 25.4644, -17.6242, 25.9623
3.64194, -11.845, 3.40708, -11.4036
-9.91076, 21.5229, -9.78407, 22.0066
3.92247, -15.4601, 4.00555, -14.967
5.46466, -20.4394, 5.19563, -20.8609
-16.2664, 8.82174, -15.9533, 8.43191
-15.9533, 8.43191, -15.676, 8.01583
-7.50205, -10.2928, -7.33692, -9.82083
0.802864, -14.4579, 1.26987, -14.2793
-12.534, 21.371, -12.6949, 20.8976
-18.7321, -7.86349, -19.1776, -8.0905
-21.0767, 14.3325, -20.8055, 14.7526
-27.1146, 13.3401, -26.9549, 12.8663
-18.0381, 22.2031, -17.9459, 21.7117
-27.0304, -2.92821, -26.8353, -3.38858
3.40708, -11.4036, 3.58554, -10.9366
-9.78407, 22.0066, -9.31397, 22.1769
3.58554, -10.9366, 3.7499, -10.4644
-26.2666, -5.82348, -26.7528, -5.94049
5.19563, -20.8609, 5.44979, -21.2914
-9.31397, 22.1769, -8.82193, 22.2658
-41.0665, 9.29074, -41.0198, 9.78856
-7.33692, -9.82083, -7.08825, -9.38705
-20.907, -16.2899, -21.0483, -16.7695
-41.8614, 17.2261, -42.1227, 16.7998
-18.2487, -14.4474, -18.0058, -14.0104
-21.0483, -16.7695, -21.4745, -17.0309
-8.82193, 22.2658, -8.32417, 22.3131
-21.4745, -17.0309, -21.819, -17.3933
-34.1309, 27.2192, -34.6301, 27.1909
-25.3969, -2.04932, -24.9295, -1.87182
-24.1029, 11.0098, -23.6052, 10.9624
3.7499, -10.4644, 3.38557, -10.1219
-32.7812, 19.8837, -33.0307, 20.317
10.6482, -16.3219, 10.2978, -16.6786
-13.4396, -11.5515, -13.83, -11.8639
-16.2388, 15.0617, -15.7547, 14.9367
5.44979, -21.2914, 5.76852, -21.6767
-28.641, 24.9855, -29.1409, 24.9909
-13.1808, -10.2871, -13.1414, -9.7887
-38.0431, 8.86197, -37.5436, 8.88462
-21.819, -17.3933, -22.2918, -17.5561
-22.2918, -17.5561, -22.6536, -17.9012
-22.6536, -17.9012, -22.6875, -18.4
-41.184, 15.0552, -41.0981, 14.5626
-25.8966, 22.2258, -26.1048, 21.7712
3.38557, -10.1219, 3.64167, -9.69249
-16.4188, -14.2874, -16.1655, -14.7185
-7.37332, -20.0267, -7.66792, -20.4307
-7.66792, -20.4307, -7.89522, -20.8761
-8.32417, 22.3131, -7.8452, 22.4566
10.0962, -14.1818, 9.86235, -13.7399
2.13654, -16.2727, 2.11154, -16.7721
-15.2511, -11.1523, -14.8236, -10.893
-39.1847, 9.03449, -38.6932, 8.9427
-7.8452, 22.4566, -7.89509, 22.9541
-32.7047, 26.8599, -32.5276, 26.3923
-22.6536, -17.9012, -23.0695, -17.6236
-25.7959, 2.75894, -25.434, 2.41388
3.64167, -9.69249, 3.18097, -9.49816
5.76852, -21.6767, 5.99511, -22.1224
-17.6242, 25.9623, -17.8778, 26.3932
5.99511, -22.1224, 6.4314, -21.8782
-18.0381, 22.2031, -17.9459, 21.7117
-16.5677, -13.0329, -16.0686, -13.004
-26.2294, 5.83093, -26.0963, 5.34895
-22.6875, -18.4, -22.8506, -18.8727
-22.8506, -18.8727, -23.1651, -19.2613
-40.8981, 11.2368, -41.0957, 10.7775
-25.3451, 27.1494, -25.0275, 27.5355
-43.0741, 21.3032, -43.1955, 21.7882
3.48209, -12.6922, 3.06066, -12.9613
-23.1651, -19.2613, -23.4598, -19.6653
-33.8485, 13.3935, -33.9025, 12.8964
-25.8966, 22.2258, -25.9628, 22.7214
-13.1808, -10.2871, -13.6527, -10.1217
-31.5503, 22.278, -32.0413, 22.1839
5.44979, -21.2914, 5.00057, -21.511
-23.4598, -19.6653, -23.9547, -19.5939
-27.097, 22.0812, -26.7136, 21.7602
-18.8437, 22.1353, -19.0818, 21.6956
6.4314, -21.8782, 6.89863, -22.0562
-19.9364, -16.6122, -19.9498, -17.112
0.605143, -14.9171, 1.09448, -15.0198
-30.1252, 20.743, -29.9062, 21.1925
-7.89522, -20.8761, -8.27076, -21.2062
-8.27076, -21.2062, -7.98174, -21.6142
-3.96782, -14.5798, -3.99553, -14.0806
-25.434, 2.41388, -25.2873, 1.9359
-23.4598, -19.6653, -23.2202, -20.1041
-7.98174, -21.6142, -8.12574, -22.093
-7.58836, -19.1575, -7.10536, -19.0282
-8.12574, -22.093, -8.09284, -22.5919
-34.7402, 15.0299, -34.2406, 15.0097
-27.2863, 23.8633, -27.7774, 23.9573
-8.74688, -10.8254, -9.02985, -10.4132
-23.9547, -19.5939, -24.4518, -19.6474
-23.0695, -17.6236, -23.0141, -17.1267
3.18097, -9.49816, 2.7208, -9.6937
-7.08825, -9.38705, -6.9353, -8.91102
-19.9498, -17.112, -19.67, -17.5264
-24.4518, -19.6474, -24.7756, -20.0285
-8.09284, -22.5919, -8.42449, -22.9661
-38.5508, 17.9887, -38.0508, 17.9909
-1.66334, -14.0663, -1.39922, -13.6417
-25.0275, 27.5355, -24.6289, 27.2336
-12.6949, 20.8976, -13.1689, 21.0567
5.00057, -21.511, 4.59052, -21.7971
-22.9117, 9.11155, -23.222, 8.71949
-19.1776, -8.0905, -19.3136, -8.57165
-19.6235, -6.41188, -19.4509, -5.94264
-37.0798, 12.8446, -36.8514, 13.2894
-24.4518, -19.6474, -24.6097, -19.173
-24.7756, -20.0285, -25.1985, -20.2952
-19.4509, -5.94264, -19.2602, -5.48041
-17.8778, 26.3932, -17.5855, 26.7989
-25.1985, -20.2952, -25.6956, -20.3488
3.18097, -9.49816, 3.07597, -9.00931
-38.7941, 18.4255, -38.389, 18.7185
-25.6956, -20.3488, -26.1213, -20.611
-32.5276, 26.3923, -32.6882, 25.9188
-26.1213, -20.611, -26.6052, -20.4851
-23.0141, -17.1267, -23.4819, -16.9501
-27.1978, 5.99637, -26.6979, 6.00555
-26.6052, -20.4851, -27.104, -20.5199
3.07597, -9.00931, 3.00011, -8.5151
-7.69692, -19.6456, -8.17939, -19.7768
-32.0762, 9.89945, -32.5733, 9.95356
-21.819, -17.3933, -21.4173, -17.6909
-26.8836, 15.0236, -26.9428, 15.5201
-6.09995, -13.7804, -6.03643, -13.2845
-25.7959, 2.75894, -25.526, 3.17983
-19.67, -17.5264, -19.3653, -17.9228
-16.4252, 21.6718, -16.0294, 21.9773
-13.1414, -9.7887, -13.5096, -9.45045
-27.104, -20.5199, -27.0891, -21.0196
-34.6301, 27.1909, -34.6954, 27.6867
-6.9353, -8.91102, -7.29783, -8.56667
-24.1144, -7.09596, -23.8618, -7.52749
-26.0963, 5.34895, -25.6188, 5.49725
-19.0818, 21.6956, -19.0577, 21.1962
-22.8506, -18.8727, -22.4236, -19.1328
-29.9062, 21.1925, -30.1252, 20.743
-6.9353, -8.91102, -6.48553, -8.6926
-18.8965, 7.91725, -18.3986, 7.9632
-24.6097, -19.173, -25.0668, -18.9704
-29.2708, 17.8795, -28.8139, 18.0828
-27.0891, -21.0196, -27.5662, -21.169
-27.1978, 5.99637, -26.6979, 6.00555
-27.5662, -21.169, -28.0615, -21.1004
-17.1697, -7.4745, -17.0013, -7.00371
-20.2363, 6.44801, -20.6415, 6.7409
4.59052, -21.7971, 4.53413, -22.2939
2.7208, -9.6937, 2.32255, -9.99602
-28.0615, -21.1004, -28.4093, -20.7411
4.53413, -22.2939, 4.49443, -22.7923
-19.4509, -5.94264, -19.9482, -5.99459
-29.1409, 24.9909, -29.4685, 24.6131
-32.6882, 25.9188, -33.0978, 25.632
-20.0449, 10.2224, -19.946, 9.7323
-16.2691, -7.84499, -15.8358, -8.09455
-25.4885, -4.75148, -25.9382, -4.96997
-27.104, -20.5199, -27.3579, -20.0891
-30.0676, 11.1869, -29.8975, 10.7167
-8.42449, -22.9661, -8.84252, -23.2404
-17.5855, 26.7989, -17.1321, 27.0095
-33.0978, 25.632, -33.5723, 25.4743
4.49443, -22.7923, 4.71312, -23.242
-28.0615, -21.1004, -28.2155, -21.5761
-39.7591, 18.378, -40.0278, 17.9563
-27.3579, -20.0891, -27.6829, -19.7092
-17.1321, 27.0095, -16.6321, 27.0084
-31.2466, 27.0002, -31.1269, 27.4856
-20.003, 6.00575, -20.0027, 5.50575
-28.2155, -21.5761, -27.9913, -22.023
-10.3104, -14.7773, -10.7655, -14.9842
-19.7464, 12.1436, -20.1815, 11.8972
-17.0844, 10.0707, -16.7011, 9.74964
-33.9025, 12.8964, -34.2451, 13.2606
-20.4835, -16.024, -20.7833, -15.6239
2.11154, -16.7721, 1.89175, -17.2212
-10.1888, -12.6198, -9.96641, -13.0677
-28.2155, -21.5761, -28.6766, -21.7693
-39.0723, 22.0576, -38.6811, 21.7462
12.7072, -16.7962, 12.6242, -17.2893
-23.8713, 13.0841, -24.2899, 12.8106
-25.6932, 13.0609, -25.8321, 12.5806
-13.2095, 22.1283, -12.7831, 21.8671
-40.955, 8.80332, -41.0665, 9.29074
-28.6766, -21.7693, -28.8854, -22.2236
-33.0978, 25.632, -33.0213, 25.1378
-19.1776, -8.0905, -18.7321, -7.86349
12.6242, -17.2893, 12.1706, -17.079
-27.9913, -22.023, -27.8704, -22.5082
-16.6321, 27.0084, -16.2461, 27.3263
-28.8854, -22.2236, -29.3848, -22.2493
-25.526, 3.17983, -25.0855, 3.41654
3.31304, -12.2216, 2.82001, -12.1384
4.71312, -23.242, 4.92972, -23.6926
-38.0508, 17.9909, -38.0252, 17.4915
-20.6415, 6.7409, -21.0468, 7.03379
-15.244, 21.348, -14.9569, 20.9386
-8.84252, -23.2404, -9.23206, -23.5539
-33.0213, 25.1378, -32.9449, 24.6437
-3.99553, -14.0806, -3.65675, -13.7129
-19.0577, 21.1962, -19.4834, 20.934
-10.9846, 11.0859, -11.0727, 10.5937
-25.9628, 22.7214, -25.662, 23.1208
-25.0668, -18.9704, -25.417, -18.6135
-38.616, 11.0866, -38.1209, 11.017
-16.0686, -13.004, -15.5686, -13.0021
-25.417, -18.6135, -25.7684, -18.2579
-29.3848, -22.2493, -29.8342, -22.0302
-24.1464, -6.01666, -23.6496, -5.96013
-3.65675, -13.7129, -3.5391, -13.2269
-37.0443, 14.0036, -36.546, 13.9627
-20.0027, 5.50575, -19.5563, 5.28058
-41.0957, 10.7775, -41.5812, 10.897
-23.4819, -16.9501, -23.362, -16.4647
-29.8342, -22.0302, -30.2402, -21.7383
-23.2202, -20.1041, -22.8484, -20.4384
5.01224, -15.9563, 4.87728, -16.4378
1.89175, -17.2212, 1.96059, -17.7164
-27.8704, -22.5082, -28.0769, -22.9636
4.49443, -22.7923, 4.0444, -23.0102
-24.9295, -1.87182, -24.5648, -1.52976
-27.0391, -6.91956, -27.5261, -6.80649
-30.2402, -21.7383, -30.6293, -22.0523
-13.1414, -9.7887, -12.6722, -9.6159
-28.0769, -22.9636, -28.1524, -23.4578
-21.4173, -17.6909, -21.2654, -18.1673
-30.6293, -22.0523, -31.0982, -22.2258
-39.1847, 9.03449, -38.6932, 8.9427
-31.0982, -22.2258, -31.5969, -22.2612
-9.23206, -23.5539, -9.6891, -23.7566
-9.53436, -14.3202, -9.94635, -14.0369
-17.1321, 27.0095, -17.3319, 27.4679
-34.7838, 15.528, -34.992, 15.9826
-38.0508, 17.9909, -37.6022, 18.2116
-23.8618, -7.52749, -23.8817, -8.02709
-25.9382, -4.96997, -26.3879, -5.18846
-27.5261, -6.80649, -28.0244, -6.84758
3.00011, -8.5151, 3.44693, -8.29072
-31.5969, -22.2612, -31.8091, -21.8085
-26.9849, 2.14907, -27.0353, 1.65162
-23.362, -16.4647, -23.2893, -15.97
-8.42449, -22.9661, -8.01985, -23.2598
-31.8091, -21.8085, -31.9293, -21.3231
-24.6289, 27.2336, -24.134, 27.1627
-28.0244, -6.84758, -28.4492, -6.58383
-19.1776, -8.0905, -18.7321, -7.86349
-17.0842, 11.1877, -16.8795, 10.7315
-31.9293, -21.3231, -32.4082, -21.1794
-18.8192, -7.37115, -18.3638, -7.16482
-20.0027, 5.50575, -20, 5.00576
4.59052, -21.7971, 4.11263, -21.6501
-12.6722, -9.6159, -12.5809, -9.12432
-25.6785, -2.46246, -25.9639, -2.05191
-19.1929, 12.1479, -18.7961, 11.8437
-16.4188, -14.2874, -16.0066, -14.0045
4.92972, -23.6926, 5.05029, -24.1779
-28.1524, -23.4578, -27.8531, -23.8583
-22.829, -6.55019, -23.0067, -7.01756
-26.8145, 6.93093, -27.2831, 7.1054
-10.7655, -14.9842, -11.1565, -14.6725
-19.3136, -8.57165, -19.2496, -9.06753
-9.6891, -23.7566, -10.0872, -23.454
-40.9784, 12.2322, -41.3781, 12.5326
-28.4492, -6.58383, -28.7625, -6.97349
-29.7848, 18.7282, -30.0951, 19.1202
-23.8817, -8.02709, -24.3816, -8.01498
-32.4082, -21.1794, -32.8944, -21.296
-20.7833, -15.6239, -21.2282, -15.3957
-28.7625, -6.97349, -29.2124, -7.19176
-32.8944, -21.296, -33.3123, -21.0214
-25.417, -18.6135, -25.8337, -18.8898
-26.7867, 27.5103, -27.1024, 27.8979
-29.2124, -7.19176, -29.5649, -7.54627
-33.9025, 12.8964, -34.2451, 13.2606
-17.5779, 25.4644, -17.0982, 25.3232
-33.3123, -21.0214, -33.7479, -20.776
1.96059, -17.7164, 2.02942, -18.2117
-29.5649, -7.54627, -29.9051, -7.17978
-33.7479, -20.776, -34.1152, -20.4367
-6.48553, -8.6926, -6.11019, -9.02294
-24.1464, -6.01666, -23.6496, -5.96013
-6.11019, -9.02294, -5.74925, -8.67692
-20, 5.00576, -20.4467, 4.78112
-13.6527, -10.1217, -14.1245, -9.95634
-19.3653, -17.9228, -19.3207, -18.4208
-17.0982, 25.3232, -16.7789, 24.9385
5.05029, -24.1779, 4.8006, -24.6111
-29.9051, -7.17978, -30.2452, -6.8133
5.01224, -15.9563, 4.87728, -16.4378
-5.74925, -8.67692, -5.25721, -8.58809
-23.2893, -15.97, -23.5848, -15.5667
-8.42715, -18.4121, -8.8955, -18.5872
-25.2873, 1.9359, -25.1406, 1.45791
-30.2452, -6.8133, -30.7451, -6.82533
-34.1152, -20.4367, -34.6028, -20.5474
-34.6028, -20.5474, -34.9548, -20.9025
-16.2461, 27.3263, -15.7698, 27.4782
-21.9889, 11.2697, -22.0095, 10.7702
-30.2402, -21.7383, -30.0855, -21.2628
-24.3816, -8.01498, -24.8814, -8.00287
-8.12574, -22.093, -8.62293, -22.0401
-34.9548, -20.9025, -35.4386, -21.0286
10.2978, -16.6786, 9.8125, -16.7988
1.78286, -15.4653, 1.99432, -15.0122
-24.7756, -20.0285, -25.2716, -19.9656
-30.7451, -6.82533, -31.2181, -6.66342
4.8006, -24.6111, 5.14384, -24.9746
-36.0432, 12.4825, -35.7555, 12.0736
-18.3986, 7.9632, -17.9007, 8.00916
-8.01985, -23.2598, -7.85388, -23.7314
-25.1406, 1.45791, -24.6766, 1.27162
-38.8594, 10.012, -39.3576, 9.96958
-41.3781, 12.5326, -41.7578, 12.2074
-31.2181, -6.66342, -31.6181, -6.96343
-35.4386, -21.0286, -35.7798, -20.6632
-31.6181, -6.96343, -31.9427, -6.58307
3.07597, -9.00931, 2.57968, -8.94851
-26.8483, 0.875264, -26.3536, 0.948005
4.8006, -24.6111, 4.3203, -24.75
5.19563, -20.8609, 4.78817, -21.1507
-35.7798, -20.6632, -36.2608, -20.7999
-36.2608, -20.7999, -36.5254, -21.2241
2.02942, -18.2117, 1.73519, -18.6159
-31.0982, -22.2258, -30.8988, -21.7673
-36.5254, -21.2241, -36.937, -21.508
-19.2602, -5.48041, -19.3417, -4.98709
-36.937, -21.508, -37.2344, -21.9099
-24.134, 27.1627, -24.103, 26.6636
-15.6945, -7.05303, -16.1872, -6.96751
2.57968, -8.94851, 2.19375, -8.63062
-37.3463, 14.8219, -37.2053, 15.3016
-37.5436, 8.88462, -37.2697, 8.46632
10.6825, -13.5835, 11.1673, -13.4614
11.1673, -13.4614, 11.4712, -13.0644
11.4712, -13.0644, 11.6069, -12.5831
5.14384, -24.9746, 5.22781, -25.4675
-25.0855, 3.41654, -24.604, 3.55125
-10.0872, -23.454, -10.5558, -23.2799
-27.6829, -19.7092, -27.9341, -19.2768
-37.6022, 18.2116, -37.1304, 18.0458
-15.676, 8.01583, -15.4331, 7.57879
-36.2608, -20.7999, -36.6125, -20.4445
-27.8531, -23.8583, -27.6681, -24.3228
-10.5558, -23.2799, -10.8773, -23.6628
-3.5391, -13.2269, -3.71493, -12.7589
-25.7684, -18.2579, -25.8194, -17.7605
-31.6181, -6.96343, -31.9267, -7.35684
-37.2344, -21.9099, -37.6803, -21.6838
-38.9366, 11.894, -39.1931, 12.3232
-34.1152, -20.4367, -34.1022, -19.9369
7.87965, -14.8508, 8.19359, -15.24
-31.2466, 27.0002, -30.7466, 26.9998
-26.8483, 0.875264, -27.2345, 1.19279
5.22781, -25.4675, 5.70666, -25.6114
-37.6803, -21.6838, -38.0341, -22.0371
-10.8773, -23.6628, -11.3562, -23.8066
-38.0341, -22.0371, -38.4819, -22.2595
-36.6125, -20.4445, -36.8663, -20.0137
-36.8663, -20.0137, -37.1988, -19.6402
-34.1022, -19.9369, -33.8112, -19.5303
-28.9258, 12.7979, -29.0981, 13.2672
-10.5558, -23.2799, -10.8234, -22.8575
-37.1988, -19.6402, -37.5081, -19.2474
-27.6681, -24.3228, -27.6097, -24.8194
-3.77374, -15.0406, -4.26586, -14.9522
-17.1321, 27.0095, -16.6334, 26.9735
-7.89509, 22.9541, -8.3531, 23.1546
-26.0963, 5.34895, -25.9633, 4.86698
-1.66334, -14.0663, -2.15392, -13.9697
-31.9267, -7.35684, -32.4094, -7.48742
-12.5809, -9.12432, -13.0602, -8.98214
-31.9427, -6.58307, -32.4085, -6.40133
-30.847, 14.1394, -31.2166, 13.8026
-30.9161, 17.4662, -31.3754, 17.2686
-33.3123, -21.0214, -32.8135, -20.9872
6.89863, -22.0562, 7.2595, -21.7101
-10.7841, 12.0469, -11.2728, 11.9408
-4.7155, -14.099, -5.18775, -13.9347
-24.8991, 22.156, -25.1707, 21.7362
-42.1873, 17.8968, -41.7494, 18.1381
-24.6766, 1.27162, -24.1791, 1.22114
-16.0294, 21.9773, -15.6336, 22.2829
-37.5081, -19.2474, -37.9285, -18.9768
-30.0855, -21.2628, -30.3788, -20.8578
6.27302, -14.907, 5.79973, -15.0682
-32.4085, -6.40133, -32.4629, -5.9043
-25.9759, -3.70361, -26.0164, -4.20197
7.2595, -21.7101, 7.62038, -21.364
-24.8814, -8.00287, -25.3813, -7.99076
-32.3683, 19.0061, -31.8684, 18.9978
-32.4629, -5.9043, -32.9616, -5.86833
-30.8408, 22.0815, -31.2859, 21.8537
-37.9246, 14.3164, -38.0405, 13.83
1.73519, -18.6159, 1.247, -18.724
2.19375, -8.63062, 1.90987, -8.21902
2.32255, -9.99602, 1.9243, -10.2983
-7.75558, -14.1795, -8.15859, -13.8835
-27.6097, -24.8194, -27.9702, -25.1659
-32.4094, -7.48742, -32.8327, -7.75342
-37.9285, -18.9768, -38.21, -18.5635
-27.9702, -25.1659, -27.664, -25.5612
-7.47162, -16.0002, -6.97162, -16
-8.8955, -18.5872, -9.39299, -18.6372
-14.1854, -10.9673, -13.693, -11.0541
-38.0508, 17.9909, -37.5586, 18.0792
7.62038, -21.364, 7.95543, -21.7352
-11.3562, -23.8066, -11.3139, -24.3048
-26.0164, -4.20197, -25.9759, -3.70361
7.62038, -21.364, 7.97594, -21.0125
-25.662, 23.1208, -25.3613, 23.5203
-33.0213, 25.1378, -32.9449, 24.6437
-32.685, 19.3931, -33.0282, 19.0295
-9.39299, -18.6372, -9.59643, -19.094
-11.3139, -24.3048, -11.0929, -24.7533
-28.4492, -6.58383, -28.6134, -6.11157
-27.6829, -19.7092, -28.0514, -20.0471
-22.1054, -6.79093, -21.8803, -7.23736
-7.29783, -8.56667, -7.73038, -8.31588
-32.3037, 15.0214, -31.805, 14.9863
-41.8466, 19.0951, -42.2715, 18.8316
-23.4819, -16.9501, -23.9796, -16.998
5.70666, -25.6114, 6.17271, -25.7925
-29.762, 16.1802, -30.1606, 15.8784
7.73223, -14.373, 7.28671, -14.1461
-32.5733, 9.95356, -32.989, 9.67572
-8.62293, -22.0401, -9.02192, -21.7387
-17.2063, 11.914, -16.7448, 12.1064
2.82001, -12.1384, 3.21636, -11.8336
-19.3207, -18.4208, -19.7011, -18.7452
12.1706, -17.079, 11.7776, -17.3882
-42.5933, 14.9593, -43.0908, 15.0091
-38.21, -18.5635, -38.0354, -18.095
-22.6014, 9.5036, -22.2181, 9.18259
-16.7789, 24.9385, -16.2805, 24.9779
-31.9267, -7.35684, -31.5159, -7.64192
-12.5809, -9.12432, -12.0919, -9.01967
-27.097, 22.0812, -26.7136, 21.7602
-24.103, 26.6636, -23.6093, 26.7426
-32.4629, -5.9043, -32.1583, -5.50779
7.95543, -21.7352, 8.38315, -21.9941
-28.0514, -20.0471, -27.6829, -19.7092
-23.5848, -15.5667, -23.9307, -15.9277
-38.4819, -22.2595, -38.9811, -22.2308
-6.93583, -20.2688, -6.97954, -20.7669
-7.73038, -8.31588, -7.7488, -7.81622
8.38315, -21.9941, 8.81835, -22.2403
-25.6188, 5.49725, -25.2291, 5.18406
-23.8713, 13.0841, -24.2899, 12.8106
-33.0213, 25.1378, -32.9449, 24.6437
-10.2651, 10.0155, -9.76592, 9.98631
-27.664, -25.5612, -27.5692, -26.0521
5.70238, -18.7012, 6.05523, -19.0554
5.58948, -19.9552, 6.08653, -20.0094
5.70666, -25.6114, 5.92295, -25.1606
-38.21, -18.5635, -38.6958, -18.682
2.82001, -12.1384, 2.32145, -12.1005
4.87728, -16.4378, 4.98391, -16.9263
-33.8112, -19.5303, -33.3785, -19.7808
-6.97954, -20.7669, -6.48297, -20.8254
-31.2466, 27.0002, -30.7466, 26.9998
-21.0468, 7.03379, -21.4887, 6.7999
-15.7698, 27.4782, -15.2745, 27.5468
-9.23206, -23.5539, -9.00133, -23.9974
-11.0929, -24.7533, -11.0557, -25.252
-43.1955, 21.7882, -42.7032, 21.8755
-37.9769, 21.9879, -38.4199, 22.2196
-11.0557, -25.252, -11.5128, -25.4545
-22.1054, -6.79093, -21.8803, -7.23736
-29.9062, 21.1925, -29.9639, 21.6891
6.17271, -25.7925, 6.63537, -25.9821
-37.2344, -21.9099, -36.8596, -22.2409
-7.58836, -19.1575, -8.05535, -18.9788
-20.6227, 6.13074, -21.0952, 5.96702
10.9986, -15.9652, 11.0191, -16.4648
-20.4467, 4.78112, -20.7357, 4.3731
-32.9616, -5.86833, -33.4578, -5.80711
-33.4578, -5.80711, -33.9526, -5.73505
-7.7488, -7.81622, -7.67198, -7.32216
-33.9526, -5.73505, -34.4424, -5.83548
-8.3531, 23.1546, -8.13837, 23.6062
-29.1409, 24.9909, -28.642, 25.0232
-8.13837, 23.6062, -7.97937, 24.0802
-42.1227, 16.7998, -41.8614, 17.2261
-14.9569, 20.9386, -15.244, 21.348
-27.8783, 26.5121, -27.9993, 26.9973
-11.5128, -25.4545, -11.4141, -25.9447
-11.4141, -25.9447, -11.5083, -26.4357
-34.4424, -5.83548, -34.9176, -5.99102
6.63537, -25.9821, 6.8094, -25.5134
-29.8975, 10.7167, -29.9683, 10.2218
-16.1655, -14.7185, -15.6795, -14.8359
-32.5512, 15.4558, -32.6907, 15.936
-34.9176, -5.99102, -35.3351, -6.26619
-9.02192, -21.7387, -9.50498, -21.8678
6.63537, -25.9821, 6.53236, -26.4714
-23.0141, -17.1267, -22.9588, -16.6297
-24.1791, 1.22114, -23.8318, 0.861454
-32.6907, 15.936, -32.8303, 16.4161
-26.4398, 8.69622, -26.0284, 8.98038
-38.6958, -18.682, -39.0297, -18.3099
-39.6891, 11.561, -39.9781, 11.969
-34.1309, 27.2192, -33.8746, 26.79
-26.1557, 13.2509, -25.8921, 12.8261
-25.2873, 1.9359, -24.7993, 2.04478
-25.3613, 23.5203, -25.761, 23.8205
-38.9811, -22.2308, -39.4779, -22.174
5.05029, -24.1779, 5.54175, -24.0858
-2.15392, -13.9697, -1.66334, -14.0663
-33.0307, 20.317, -33.5031, 20.4808
-39.0297, -18.3099, -39.2234, -17.8489
-25.417, -18.6135, -25.1359, -18.2
-33.8112, -19.5303, -33.6992, -19.043
-31.3754, 17.2686, -30.9688, 16.9777
-35.3351, -6.26619, -35.7867, -6.05161
-33.6992, -19.043, -33.8524, -18.567
-11.5128, -25.4545, -12.0111, -25.4133
-34.7838, 15.528, -34.3554, 15.786
-27.5692, -26.0521, -27.4978, -26.547
-20.8055, 14.7526, -20.4402, 14.4112
-33.5723, 25.4743, -33.8878, 25.8622
6.53236, -26.4714, 7.0139, -26.606
-26.3536, 0.948005, -25.8589, 1.02075
-34.992, 15.9826, -34.9959, 16.4826
3.11127, -15.4271, 2.98521, -14.9432
-34.4424, -5.83548, -34.5878, -5.35706
-24.5648, -1.52976, -24.1805, -1.84968
7.0139, -26.606, 7.51234, -26.6454
-37.1304, 18.0458, -37.0627, 18.5412
-11.5083, -26.4357, -11.8567, -26.7943
4.98391, -16.9263, 5.09053, -17.4148
5.99511, -22.1224, 6.01506, -21.6228
-14.1843, 22.1175, -13.7627, 21.8487
7.62038, -21.364, 7.18915, -21.111
-15.676, 8.01583, -16.1754, 7.99143
-24.8575, 15.0088, -25.3566, 14.9781
-38.0354, -18.095, -37.8768, -17.6208
-33.0282, 19.0295, -33.5281, 19.022
-7.63787, -17.8816, -7.14627, -17.9728
-26.8627, 18.992, -27.3619, 19.021
-32.6907, 15.936, -32.1929, 15.9821
-20.7357, 4.3731, -20.3436, 4.06289
6.53236, -26.4714, 6.3332, -26.93
-28.2546, 11.2802, -28.7226, 11.1043
1.99432, -15.0122, 2.20578, -14.5591
-7.97937, 24.0802, -8.14436, 24.5522
-12.0111, -25.4133, -12.5018, -25.5096
-7.85388, -23.7314, -8.09283, -24.1706
-27.9341, -19.2768, -28.2701, -18.9065
-11.1565, -14.6725, -11.4247, -15.0945
-28.2531, 23.0778, -28.7504, 23.026
-8.72666, 14.183, -8.83922, 13.6958
-27.2041, 0.193439, -26.8412, -0.150491
-28.2701, -18.9065, -28.5837, -18.5171
1.9243, -10.2983, 1.97793, -10.7955
-24.8106, -4.84873, -25.2013, -5.1608
-39.4779, -22.174, -39.9767, -22.1396
-10.8234, -22.8575, -11.2886, -22.6742
-9.59643, -19.094, -10.0643, -19.2703
-28.5837, -18.5171, -28.8668, -18.105
-20.3436, 4.06289, -20.0398, 3.6658
-35.7867, -6.05161, -36.1458, -5.70367
-40.0278, 17.9563, -40.0133, 17.4565
-24.8814, -8.00287, -25.3813, -7.99076
-34.2406, 15.0097, -33.741, 14.9895
-6.48297, -20.8254, -6.10684, -21.1548
-36.1458, -5.70367, -36.5683, -5.43635
-24.1464, -6.01666, -23.6496, -5.96013
-12.5018, -25.5096, -12.908, -25.2181
-12.908, -25.2181, -13.3873, -25.0755
-36.5683, -5.43635, -36.5163, -4.93906
-8.14436, 24.5522, -7.81488, 24.9283
-13.3873, -25.0755, -13.8871, -25.065
-28.8139, 18.0828, -29.2708, 17.8795
-32.1583, -5.50779, -32.1268, -5.00879
-7.67198, -7.32216, -7.35862, -6.93254
-24.1464, -6.01666, -23.6496, -5.96013
-23.5848, -15.5667, -23.9275, -15.2026
-25.6188, 5.49725, -25.2308, 5.81253
-23.9796, -16.998, -24.4773, -17.0459
-26.9549, 12.8663, -27.1146, 13.3401
-11.8567, -26.7943, -12.3488, -26.8829
-11.5083, -26.4357, -11.1575, -26.7921
-27.0546, 5.07334, -26.7561, 4.67222
-19.7011, -18.7452, -19.5959, -19.234
3.38557, -10.1219, 2.90883, -9.97117
-33.8524, -18.567, -33.4361, -18.2901
-0.864822, -14.9863, -1.36227, -15.0368
1.97793, -10.7955, 2.03157, -11.2926
9.35159, -14.564, 9.08708, -14.1397
-23.386, 12.4253, -23.1072, 12.8404
-25.2308, 5.81253, -24.8709, 6.1597
-27.5692, -26.0521, -28.0656, -25.9921
-17.0013, -7.00371, -17.0007, -6.50371
-26.8483, 0.875264, -27.2345, 1.19279
-39.2234, -17.8489, -39.6852, -18.0404
5.54175, -24.0858, 6.0332, -23.9938
-19.5959, -19.234, -19.5338, -19.7301
-25.8194, -17.7605, -26.3095, -17.8599
-6.10684, -21.1548, -5.60818, -21.1182
-13.1266, 14.066, -13.6252, 14.0283
